2026-05-01T20:10:02.5208774Z ##[group]Run actions/download-artifact@3e5f45b2cfb9172054b4087a40e8e0b5a5461e7c
2026-05-01T20:10:02.5209584Z with:
2026-05-01T20:10:02.5209946Z   name: agent
2026-05-01T20:10:02.5210321Z   path: /tmp/gh-aw/
2026-05-01T20:10:02.5210728Z   merge-multiple: false
2026-05-01T20:10:02.5211167Z   repository: mono/SkiaSharp
2026-05-01T20:10:02.5211604Z   run-id: 25230738658
2026-05-01T20:10:02.5212018Z   skip-decompress: false
2026-05-01T20:10:02.5212440Z   digest-mismatch: error
2026-05-01T20:10:02.5212843Z env:
2026-05-01T20:10:02.5219962Z   GH_AW_MODEL_MULTIPLIERS: {
  "version": "1",
  "description": "Effective Tokens (ET) computation data per the gh-aw Effective Tokens Specification v0.2.0. Token class weights are applied first to normalize across token classes, then the per-model multiplier scales the result relative to the reference model.",
  "reference_model": "claude-sonnet-4.5",
  "token_class_weights": {
    "input": 1.0,
    "cached_input": 0.1,
    "output": 4.0,
    "reasoning": 4.0,
    "cache_write": 1.0
  },
  "multipliers": {
    "claude-haiku-4.5": 0.1,
    "claude-3-5-haiku": 0.1,
    "claude-3-haiku": 0.1,
    "claude-sonnet-4.5": 1.0,
    "claude-sonnet-4.6": 1.0,
    "claude-3-5-sonnet": 1.0,
    "claude-3-7-sonnet": 1.0,
    "claude-3-sonnet": 1.0,
    "claude-opus-4.5": 5.0,
    "claude-opus-4.6": 5.0,
    "claude-3-5-opus": 5.0,
    "claude-3-opus": 5.0,
    "gpt-4o": 1.0,
    "gpt-4o-mini": 0.1,
    "gpt-4.1": 1.0,
    "gpt-4.1-2025-04-14": 1.0,
    "gpt-41-copilot": 1.0,
    "gpt-4.1-mini": 0.1,
    "gpt-4.1-nano": 0.05,
    "gpt-4-turbo": 1.0,
    "gpt-4": 1.0,
    "gpt-5": 1.0,
    "gpt-5-mini": 0,
    "gpt-5.1": 1.0,
    "gpt-5.1-codex": 1.0,
    "gpt-5.1-codex-mini": 0.33,
    "gpt-5.1-codex-max": 1.0,
    "gpt-5.2": 1.0,
    "gpt-5.2-codex": 1.0,
    "gpt-5.3-codex": 1.0,
    "gpt-5.4": 1.0,
    "gpt-5.4-mini": 0.33,
    "o1": 3.0,
    "o1-mini": 0.5,
    "o1-pro": 10.0,
    "o3": 3.0,
    "o3-mini": 0.5,
    "o4-mini": 0.5,
    "gemini-2.5-pro": 1.0,
    "gemini-2.5-flash": 0.2,
    "gemini-2.0-flash": 0.1,
    "gemini-1.5-pro": 1.0,
    "gemini-1.5-flash": 0.1
  }
}
2026-05-01T20:10:02.5228057Z   GITHUB_AW_OTEL_TRACE_ID: 6bf7d13b0c406498f31092a9e916935e
2026-05-01T20:10:02.5228740Z   GITHUB_AW_OTEL_PARENT_SPAN_ID: 4f0d3f97aae3bc8b
2026-05-01T20:10:02.5229321Z   GITHUB_AW_OTEL_JOB_START_MS: 1777666202493
2026-05-01T20:10:02.5229831Z ##[endgroup]
2026-05-01T20:10:02.7260194Z Downloading single artifact
2026-05-01T20:10:02.8699028Z Preparing to download the following artifacts:
2026-05-01T20:10:02.8702750Z - agent (ID: 6756060096, Size: 132779, Expected Digest: sha256:cfff5b3f489490c3684db40b771ea135379f1eb2676cba40d2a058461fd4344d)
2026-05-01T20:10:03.1092785Z Redirecting to blob download url: https://productionresultssa17.blob.core.windows.net/actions-results/ad809ddf-0c5e-4541-8a98-874405d84e65/workflow-job-run-3ee50aca-8676-5bda-8f95-296d592b47fd/artifacts/d4f0bc5a29de06b510f9aa428f1eedba926012b591fef7a518e776a7c9bd1824.zip
2026-05-01T20:10:03.1096507Z Starting download of artifact to: /tmp/gh-aw
2026-05-01T20:10:03.2571067Z (node:1046) [DEP0005] DeprecationWarning: Buffer() is deprecated due to security and usability issues. Please use the Buffer.alloc(), Buffer.allocUnsafe(), or Buffer.from() methods instead.
2026-05-01T20:10:03.2573101Z (Use `node --trace-deprecation ...` to show where the warning was created)
2026-05-01T20:10:03.3543656Z SHA256 digest of downloaded artifact is cfff5b3f489490c3684db40b771ea135379f1eb2676cba40d2a058461fd4344d
2026-05-01T20:10:03.3548429Z Artifact download completed successfully.
2026-05-01T20:10:03.3556624Z Total of 1 artifact(s) downloaded
2026-05-01T20:10:03.3564317Z Download artifact has finished successfully
