2026-05-01T20:08:53.4226041Z ##[group]Run actions/setup-node@48b55a011bda9f5d6aeb4c2d9c7362e8dae4041e
2026-05-01T20:08:53.4226433Z with:
2026-05-01T20:08:53.4226600Z   node-version: 24
2026-05-01T20:08:53.4226810Z   package-manager-cache: false
2026-05-01T20:08:53.4227094Z   check-latest: false
2026-05-01T20:08:53.4227406Z   token: ***
2026-05-01T20:08:53.4227574Z env:
2026-05-01T20:08:53.4231947Z   GH_AW_MODEL_MULTIPLIERS: {
  "version": "1",
  "description": "Effective Tokens (ET) computation data per the gh-aw Effective Tokens Specification v0.2.0. Token class weights are applied first to normalize across token classes, then the per-model multiplier scales the result relative to the reference model.",
  "reference_model": "claude-sonnet-4.5",
  "token_class_weights": {
    "input": 1.0,
    "cached_input": 0.1,
    "output": 4.0,
    "reasoning": 4.0,
    "cache_write": 1.0
  },
  "multipliers": {
    "claude-haiku-4.5": 0.1,
    "claude-3-5-haiku": 0.1,
    "claude-3-haiku": 0.1,
    "claude-sonnet-4.5": 1.0,
    "claude-sonnet-4.6": 1.0,
    "claude-3-5-sonnet": 1.0,
    "claude-3-7-sonnet": 1.0,
    "claude-3-sonnet": 1.0,
    "claude-opus-4.5": 5.0,
    "claude-opus-4.6": 5.0,
    "claude-3-5-opus": 5.0,
    "claude-3-opus": 5.0,
    "gpt-4o": 1.0,
    "gpt-4o-mini": 0.1,
    "gpt-4.1": 1.0,
    "gpt-4.1-2025-04-14": 1.0,
    "gpt-41-copilot": 1.0,
    "gpt-4.1-mini": 0.1,
    "gpt-4.1-nano": 0.05,
    "gpt-4-turbo": 1.0,
    "gpt-4": 1.0,
    "gpt-5": 1.0,
    "gpt-5-mini": 0,
    "gpt-5.1": 1.0,
    "gpt-5.1-codex": 1.0,
    "gpt-5.1-codex-mini": 0.33,
    "gpt-5.1-codex-max": 1.0,
    "gpt-5.2": 1.0,
    "gpt-5.2-codex": 1.0,
    "gpt-5.3-codex": 1.0,
    "gpt-5.4": 1.0,
    "gpt-5.4-mini": 0.33,
    "o1": 3.0,
    "o1-mini": 0.5,
    "o1-pro": 10.0,
    "o3": 3.0,
    "o3-mini": 0.5,
    "o4-mini": 0.5,
    "gemini-2.5-pro": 1.0,
    "gemini-2.5-flash": 0.2,
    "gemini-2.0-flash": 0.1,
    "gemini-1.5-pro": 1.0,
    "gemini-1.5-flash": 0.1
  }
}
2026-05-01T20:08:53.4236483Z   GITHUB_AW_OTEL_TRACE_ID: 6bf7d13b0c406498f31092a9e916935e
2026-05-01T20:08:53.4236827Z   GITHUB_AW_OTEL_PARENT_SPAN_ID: dc3bca7641fedb4c
2026-05-01T20:08:53.4237121Z   GITHUB_AW_OTEL_JOB_START_MS: 1777666121883
2026-05-01T20:08:53.4237412Z   GH_AW_PROMPT: /tmp/gh-aw/aw-prompts/prompt.txt
2026-05-01T20:08:53.4237681Z ##[endgroup]
2026-05-01T20:08:53.5967168Z Found in cache @ /opt/hostedtoolcache/node/24.14.1/x64
2026-05-01T20:08:53.5973331Z ##[group]Environment details
2026-05-01T20:08:53.9350196Z node: v24.14.1
2026-05-01T20:08:53.9350552Z npm: 11.11.0
2026-05-01T20:08:53.9350740Z yarn: 1.22.22
2026-05-01T20:08:53.9351362Z ##[endgroup]
