2026-05-01T20:09:21.8186673Z ##[group]Run actions/upload-artifact@043fb46d1a93c77aae656e7c1c64a875d1fc6a0a
2026-05-01T20:09:21.8187069Z with:
2026-05-01T20:09:21.8187241Z   name: detection
2026-05-01T20:09:21.8187471Z   path: /tmp/gh-aw/threat-detection/detection.log
2026-05-01T20:09:21.8187761Z   if-no-files-found: ignore
2026-05-01T20:09:21.8187982Z   compression-level: 6
2026-05-01T20:09:21.8188179Z   overwrite: false
2026-05-01T20:09:21.8188374Z   include-hidden-files: false
2026-05-01T20:09:21.8188584Z   archive: true
2026-05-01T20:09:21.8188752Z env:
2026-05-01T20:09:21.8193254Z   GH_AW_MODEL_MULTIPLIERS: {
  "version": "1",
  "description": "Effective Tokens (ET) computation data per the gh-aw Effective Tokens Specification v0.2.0. Token class weights are applied first to normalize across token classes, then the per-model multiplier scales the result relative to the reference model.",
  "reference_model": "claude-sonnet-4.5",
  "token_class_weights": {
    "input": 1.0,
    "cached_input": 0.1,
    "output": 4.0,
    "reasoning": 4.0,
    "cache_write": 1.0
  },
  "multipliers": {
    "claude-haiku-4.5": 0.1,
    "claude-3-5-haiku": 0.1,
    "claude-3-haiku": 0.1,
    "claude-sonnet-4.5": 1.0,
    "claude-sonnet-4.6": 1.0,
    "claude-3-5-sonnet": 1.0,
    "claude-3-7-sonnet": 1.0,
    "claude-3-sonnet": 1.0,
    "claude-opus-4.5": 5.0,
    "claude-opus-4.6": 5.0,
    "claude-3-5-opus": 5.0,
    "claude-3-opus": 5.0,
    "gpt-4o": 1.0,
    "gpt-4o-mini": 0.1,
    "gpt-4.1": 1.0,
    "gpt-4.1-2025-04-14": 1.0,
    "gpt-41-copilot": 1.0,
    "gpt-4.1-mini": 0.1,
    "gpt-4.1-nano": 0.05,
    "gpt-4-turbo": 1.0,
    "gpt-4": 1.0,
    "gpt-5": 1.0,
    "gpt-5-mini": 0,
    "gpt-5.1": 1.0,
    "gpt-5.1-codex": 1.0,
    "gpt-5.1-codex-mini": 0.33,
    "gpt-5.1-codex-max": 1.0,
    "gpt-5.2": 1.0,
    "gpt-5.2-codex": 1.0,
    "gpt-5.3-codex": 1.0,
    "gpt-5.4": 1.0,
    "gpt-5.4-mini": 0.33,
    "o1": 3.0,
    "o1-mini": 0.5,
    "o1-pro": 10.0,
    "o3": 3.0,
    "o3-mini": 0.5,
    "o4-mini": 0.5,
    "gemini-2.5-pro": 1.0,
    "gemini-2.5-flash": 0.2,
    "gemini-2.0-flash": 0.1,
    "gemini-1.5-pro": 1.0,
    "gemini-1.5-flash": 0.1
  }
}
2026-05-01T20:09:21.8197933Z   GITHUB_AW_OTEL_TRACE_ID: 6bf7d13b0c406498f31092a9e916935e
2026-05-01T20:09:21.8198268Z   GITHUB_AW_OTEL_PARENT_SPAN_ID: dc3bca7641fedb4c
2026-05-01T20:09:21.8198557Z   GITHUB_AW_OTEL_JOB_START_MS: 1777666121883
2026-05-01T20:09:21.8198846Z   GH_AW_PROMPT: /tmp/gh-aw/aw-prompts/prompt.txt
2026-05-01T20:09:21.8199348Z ##[endgroup]
2026-05-01T20:09:21.9632671Z With the provided path, there will be 1 file uploaded
2026-05-01T20:09:21.9638363Z Artifact name is valid!
2026-05-01T20:09:21.9639556Z Root directory input is valid!
2026-05-01T20:09:22.0555251Z Uploading artifact: detection.zip
2026-05-01T20:09:22.0595390Z Beginning upload of artifact content to blob storage
2026-05-01T20:09:22.1308921Z Uploaded bytes 3048
2026-05-01T20:09:22.1470488Z Finished uploading artifact content to blob storage!
2026-05-01T20:09:22.1471626Z SHA256 digest of uploaded artifact is 4bcac2cf85da98bb904800bf0e6b8c7ca469d6355266dcd8faa81505ca211dc7
2026-05-01T20:09:22.1472397Z Finalizing artifact upload
2026-05-01T20:09:22.2855317Z Artifact detection successfully finalized. Artifact ID 6756074578
2026-05-01T20:09:22.2856794Z Artifact detection has been successfully uploaded! Final size is 3048 bytes. Artifact ID is 6756074578
2026-05-01T20:09:22.2860976Z Artifact download URL: https://github.com/mono/SkiaSharp/actions/runs/25230738658/artifacts/6756074578
