2026-05-01T20:08:41.9034121Z ##[group]Run actions/download-artifact@3e5f45b2cfb9172054b4087a40e8e0b5a5461e7c
2026-05-01T20:08:41.9034599Z with:
2026-05-01T20:08:41.9034822Z   name: agent
2026-05-01T20:08:41.9035039Z   path: /tmp/gh-aw/
2026-05-01T20:08:41.9035283Z   merge-multiple: false
2026-05-01T20:08:41.9035557Z   repository: mono/SkiaSharp
2026-05-01T20:08:41.9035837Z   run-id: 25230738658
2026-05-01T20:08:41.9036098Z   skip-decompress: false
2026-05-01T20:08:41.9036354Z   digest-mismatch: error
2026-05-01T20:08:41.9036582Z env:
2026-05-01T20:08:41.9041034Z   GH_AW_MODEL_MULTIPLIERS: {
  "version": "1",
  "description": "Effective Tokens (ET) computation data per the gh-aw Effective Tokens Specification v0.2.0. Token class weights are applied first to normalize across token classes, then the per-model multiplier scales the result relative to the reference model.",
  "reference_model": "claude-sonnet-4.5",
  "token_class_weights": {
    "input": 1.0,
    "cached_input": 0.1,
    "output": 4.0,
    "reasoning": 4.0,
    "cache_write": 1.0
  },
  "multipliers": {
    "claude-haiku-4.5": 0.1,
    "claude-3-5-haiku": 0.1,
    "claude-3-haiku": 0.1,
    "claude-sonnet-4.5": 1.0,
    "claude-sonnet-4.6": 1.0,
    "claude-3-5-sonnet": 1.0,
    "claude-3-7-sonnet": 1.0,
    "claude-3-sonnet": 1.0,
    "claude-opus-4.5": 5.0,
    "claude-opus-4.6": 5.0,
    "claude-3-5-opus": 5.0,
    "claude-3-opus": 5.0,
    "gpt-4o": 1.0,
    "gpt-4o-mini": 0.1,
    "gpt-4.1": 1.0,
    "gpt-4.1-2025-04-14": 1.0,
    "gpt-41-copilot": 1.0,
    "gpt-4.1-mini": 0.1,
    "gpt-4.1-nano": 0.05,
    "gpt-4-turbo": 1.0,
    "gpt-4": 1.0,
    "gpt-5": 1.0,
    "gpt-5-mini": 0,
    "gpt-5.1": 1.0,
    "gpt-5.1-codex": 1.0,
    "gpt-5.1-codex-mini": 0.33,
    "gpt-5.1-codex-max": 1.0,
    "gpt-5.2": 1.0,
    "gpt-5.2-codex": 1.0,
    "gpt-5.3-codex": 1.0,
    "gpt-5.4": 1.0,
    "gpt-5.4-mini": 0.33,
    "o1": 3.0,
    "o1-mini": 0.5,
    "o1-pro": 10.0,
    "o3": 3.0,
    "o3-mini": 0.5,
    "o4-mini": 0.5,
    "gemini-2.5-pro": 1.0,
    "gemini-2.5-flash": 0.2,
    "gemini-2.0-flash": 0.1,
    "gemini-1.5-pro": 1.0,
    "gemini-1.5-flash": 0.1
  }
}
2026-05-01T20:08:41.9045788Z   GITHUB_AW_OTEL_TRACE_ID: 6bf7d13b0c406498f31092a9e916935e
2026-05-01T20:08:41.9046169Z   GITHUB_AW_OTEL_PARENT_SPAN_ID: dc3bca7641fedb4c
2026-05-01T20:08:41.9046504Z   GITHUB_AW_OTEL_JOB_START_MS: 1777666121883
2026-05-01T20:08:41.9046790Z ##[endgroup]
2026-05-01T20:08:42.0395475Z Downloading single artifact
2026-05-01T20:08:42.1117074Z Preparing to download the following artifacts:
2026-05-01T20:08:42.1118145Z - agent (ID: 6756060096, Size: 132779, Expected Digest: sha256:cfff5b3f489490c3684db40b771ea135379f1eb2676cba40d2a058461fd4344d)
2026-05-01T20:08:42.2144821Z Redirecting to blob download url: https://productionresultssa17.blob.core.windows.net/actions-results/ad809ddf-0c5e-4541-8a98-874405d84e65/workflow-job-run-3ee50aca-8676-5bda-8f95-296d592b47fd/artifacts/d4f0bc5a29de06b510f9aa428f1eedba926012b591fef7a518e776a7c9bd1824.zip
2026-05-01T20:08:42.2146281Z Starting download of artifact to: /tmp/gh-aw
2026-05-01T20:08:42.2555815Z (node:3132) [DEP0005] DeprecationWarning: Buffer() is deprecated due to security and usability issues. Please use the Buffer.alloc(), Buffer.allocUnsafe(), or Buffer.from() methods instead.
2026-05-01T20:08:42.2557180Z (Use `node --trace-deprecation ...` to show where the warning was created)
2026-05-01T20:08:42.2833470Z SHA256 digest of downloaded artifact is cfff5b3f489490c3684db40b771ea135379f1eb2676cba40d2a058461fd4344d
2026-05-01T20:08:42.2834410Z Artifact download completed successfully.
2026-05-01T20:08:42.2834726Z Total of 1 artifact(s) downloaded
2026-05-01T20:08:42.2838294Z Download artifact has finished successfully
