2026-05-01T20:01:37.3966179Z ##[group]Run bash "${RUNNER_TEMP}/gh-aw/actions/validate_prompt_placeholders.sh"
2026-05-01T20:01:37.3967144Z [36;1mbash "${RUNNER_TEMP}/gh-aw/actions/validate_prompt_placeholders.sh"[0m
2026-05-01T20:01:37.3978659Z shell: /usr/bin/bash -e {0}
2026-05-01T20:01:37.3979136Z env:
2026-05-01T20:01:37.3986233Z   GH_AW_MODEL_MULTIPLIERS: {
  "version": "1",
  "description": "Effective Tokens (ET) computation data per the gh-aw Effective Tokens Specification v0.2.0. Token class weights are applied first to normalize across token classes, then the per-model multiplier scales the result relative to the reference model.",
  "reference_model": "claude-sonnet-4.5",
  "token_class_weights": {
    "input": 1.0,
    "cached_input": 0.1,
    "output": 4.0,
    "reasoning": 4.0,
    "cache_write": 1.0
  },
  "multipliers": {
    "claude-haiku-4.5": 0.1,
    "claude-3-5-haiku": 0.1,
    "claude-3-haiku": 0.1,
    "claude-sonnet-4.5": 1.0,
    "claude-sonnet-4.6": 1.0,
    "claude-3-5-sonnet": 1.0,
    "claude-3-7-sonnet": 1.0,
    "claude-3-sonnet": 1.0,
    "claude-opus-4.5": 5.0,
    "claude-opus-4.6": 5.0,
    "claude-3-5-opus": 5.0,
    "claude-3-opus": 5.0,
    "gpt-4o": 1.0,
    "gpt-4o-mini": 0.1,
    "gpt-4.1": 1.0,
    "gpt-4.1-2025-04-14": 1.0,
    "gpt-41-copilot": 1.0,
    "gpt-4.1-mini": 0.1,
    "gpt-4.1-nano": 0.05,
    "gpt-4-turbo": 1.0,
    "gpt-4": 1.0,
    "gpt-5": 1.0,
    "gpt-5-mini": 0,
    "gpt-5.1": 1.0,
    "gpt-5.1-codex": 1.0,
    "gpt-5.1-codex-mini": 0.33,
    "gpt-5.1-codex-max": 1.0,
    "gpt-5.2": 1.0,
    "gpt-5.2-codex": 1.0,
    "gpt-5.3-codex": 1.0,
    "gpt-5.4": 1.0,
    "gpt-5.4-mini": 0.33,
    "o1": 3.0,
    "o1-mini": 0.5,
    "o1-pro": 10.0,
    "o3": 3.0,
    "o3-mini": 0.5,
    "o4-mini": 0.5,
    "gemini-2.5-pro": 1.0,
    "gemini-2.5-flash": 0.2,
    "gemini-2.0-flash": 0.1,
    "gemini-1.5-pro": 1.0,
    "gemini-1.5-flash": 0.1
  }
}
2026-05-01T20:01:37.3994006Z   GITHUB_AW_OTEL_TRACE_ID: 6bf7d13b0c406498f31092a9e916935e
2026-05-01T20:01:37.3994653Z   GITHUB_AW_OTEL_PARENT_SPAN_ID: 8cc70d7121511257
2026-05-01T20:01:37.3995219Z   GITHUB_AW_OTEL_JOB_START_MS: 1777665694399
2026-05-01T20:01:37.3995788Z   GH_AW_PROMPT: /tmp/gh-aw/aw-prompts/prompt.txt
2026-05-01T20:01:37.3996301Z ##[endgroup]
2026-05-01T20:01:37.4123767Z 🔍 Validating prompt placeholders...
2026-05-01T20:01:37.4217654Z ✅ Placeholder validation complete
2026-05-01T20:01:37.4221661Z 📊 Prompt statistics:
2026-05-01T20:01:37.4222141Z    - Lines: 150
2026-05-01T20:01:37.4222523Z    - Characters: 7759
2026-05-01T20:01:37.4222912Z    - Words: 1063
