2026-05-01T20:01:37.4578449Z ##[group]Run actions/upload-artifact@043fb46d1a93c77aae656e7c1c64a875d1fc6a0a
2026-05-01T20:01:37.4579175Z with:
2026-05-01T20:01:37.4579499Z   name: activation
2026-05-01T20:01:37.4580604Z   path: /tmp/gh-aw/aw_info.json
/tmp/gh-aw/aw-prompts/prompt.txt
/tmp/gh-aw/github_rate_limits.jsonl
/tmp/gh-aw/base

2026-05-01T20:01:37.4581567Z   if-no-files-found: ignore
2026-05-01T20:01:37.4581975Z   retention-days: 1
2026-05-01T20:01:37.4582346Z   compression-level: 6
2026-05-01T20:01:37.4582734Z   overwrite: false
2026-05-01T20:01:37.4583114Z   include-hidden-files: false
2026-05-01T20:01:37.4583539Z   archive: true
2026-05-01T20:01:37.4583871Z env:
2026-05-01T20:01:37.4590680Z   GH_AW_MODEL_MULTIPLIERS: {
  "version": "1",
  "description": "Effective Tokens (ET) computation data per the gh-aw Effective Tokens Specification v0.2.0. Token class weights are applied first to normalize across token classes, then the per-model multiplier scales the result relative to the reference model.",
  "reference_model": "claude-sonnet-4.5",
  "token_class_weights": {
    "input": 1.0,
    "cached_input": 0.1,
    "output": 4.0,
    "reasoning": 4.0,
    "cache_write": 1.0
  },
  "multipliers": {
    "claude-haiku-4.5": 0.1,
    "claude-3-5-haiku": 0.1,
    "claude-3-haiku": 0.1,
    "claude-sonnet-4.5": 1.0,
    "claude-sonnet-4.6": 1.0,
    "claude-3-5-sonnet": 1.0,
    "claude-3-7-sonnet": 1.0,
    "claude-3-sonnet": 1.0,
    "claude-opus-4.5": 5.0,
    "claude-opus-4.6": 5.0,
    "claude-3-5-opus": 5.0,
    "claude-3-opus": 5.0,
    "gpt-4o": 1.0,
    "gpt-4o-mini": 0.1,
    "gpt-4.1": 1.0,
    "gpt-4.1-2025-04-14": 1.0,
    "gpt-41-copilot": 1.0,
    "gpt-4.1-mini": 0.1,
    "gpt-4.1-nano": 0.05,
    "gpt-4-turbo": 1.0,
    "gpt-4": 1.0,
    "gpt-5": 1.0,
    "gpt-5-mini": 0,
    "gpt-5.1": 1.0,
    "gpt-5.1-codex": 1.0,
    "gpt-5.1-codex-mini": 0.33,
    "gpt-5.1-codex-max": 1.0,
    "gpt-5.2": 1.0,
    "gpt-5.2-codex": 1.0,
    "gpt-5.3-codex": 1.0,
    "gpt-5.4": 1.0,
    "gpt-5.4-mini": 0.33,
    "o1": 3.0,
    "o1-mini": 0.5,
    "o1-pro": 10.0,
    "o3": 3.0,
    "o3-mini": 0.5,
    "o4-mini": 0.5,
    "gemini-2.5-pro": 1.0,
    "gemini-2.5-flash": 0.2,
    "gemini-2.0-flash": 0.1,
    "gemini-1.5-pro": 1.0,
    "gemini-1.5-flash": 0.1
  }
}
2026-05-01T20:01:37.4598084Z   GITHUB_AW_OTEL_TRACE_ID: 6bf7d13b0c406498f31092a9e916935e
2026-05-01T20:01:37.4598845Z   GITHUB_AW_OTEL_PARENT_SPAN_ID: 8cc70d7121511257
2026-05-01T20:01:37.4599395Z   GITHUB_AW_OTEL_JOB_START_MS: 1777665694399
2026-05-01T20:01:37.4600070Z ##[endgroup]
2026-05-01T20:01:37.6444210Z Multiple search paths detected. Calculating the least common ancestor of all paths
2026-05-01T20:01:37.6474037Z The least common ancestor is /tmp/gh-aw. This will be the root directory of the artifact
2026-05-01T20:01:37.6475593Z With the provided path, there will be 5 files uploaded
2026-05-01T20:01:37.6485025Z Artifact name is valid!
2026-05-01T20:01:37.6488587Z Root directory input is valid!
2026-05-01T20:01:37.7929384Z Uploading artifact: activation.zip
2026-05-01T20:01:37.7993023Z Beginning upload of artifact content to blob storage
2026-05-01T20:01:37.9930328Z Uploaded bytes 10618
2026-05-01T20:01:38.0256822Z Finished uploading artifact content to blob storage!
2026-05-01T20:01:38.0263110Z SHA256 digest of uploaded artifact is a530da988dc5bf7c75f12d40a0d6f71dedf0318ef28b2a28678b34091f1de7a6
2026-05-01T20:01:38.0267707Z Finalizing artifact upload
2026-05-01T20:01:38.2246828Z Artifact activation successfully finalized. Artifact ID 6755957607
2026-05-01T20:01:38.2250970Z Artifact activation has been successfully uploaded! Final size is 10618 bytes. Artifact ID is 6755957607
2026-05-01T20:01:38.2258277Z Artifact download URL: https://github.com/mono/SkiaSharp/actions/runs/25230738658/artifacts/6755957607
